$ANSIBLE_VAULT;1.1;AES256
39656337376535656264353964623165346362343537393366383165333736613461616438343064
6639396261383839333166356136653965666634626661340a363037343832643831373132393635
31626265323631353338363962326533666131623831616661353735656136336565323234346636
6161363330646234340a636136663531343364346262313965356164363538613137336666346666
62643638656261623361396465646438646537623464356663363233396335313764333361383364
62386434643631356432323938333636636634343030343161333434343735613938303661623730
65666564353565626637356537353836393336393165666436343064623839326539623032386665
36366131626366353038616365646535616564356238386635313531333030373461333232663037
37616466373233333633356138623030626361336563396633356131373865396135663837633761
34616462326364323937323339653933376537306135363265333264313137666630363236623130
65316636626335656337383132376463373431623564366535626166613661663833376236383537
36656466323236346261356234353436616534363466363763393233343764646261643734386635
66326638643532663039326433306231343838633633643830386433333264303037
